95843
10823
28337
16027
78355
57562
4224
66435
91093
20447
7520
87281
19858
18830
69123
38804
44829
49574
61204
4388
60079
9106
5696
15889
17411
85953
91214
44256
80877
55246
65953
37585
50054
1365
50701
81731
57920
47715
21766
31316
76132
22541
13320
79667
31321
48033
3290
70975
29456
76266
60414
58114
3401
8109
39245
10654
91451
81917
49342
62124
39533
56113
87352
46495
13446
1116
18719
92801
80565
96527
35522
96578
6942
11916
33810
83565
40652
44108
1330
51275
9387
38085
8697
80114
19733
36343
96331
80453
14699
91025
540
81094
36724
58541
79386
71121
26227
79361
25701
87749
91322
96050
11421
95588
46017
76713
41864
13845
86761
41980
37030
3910
39361
28935
64495
85135
19953
6160
80216
85490
90976
74090
39633
48585
14671
75509
40900
95313
13819
1011
52358
68873
29506
45543
93420
50487
52818
30920
56348
93454
61754
51469
90493
9816
11555
51610
3170
87495
43200
81335
74218
68498
88482
38518
42424
75339
11617
74933
51718
43869
45302
61495
20902
40121
8734
12993
45852
17651
15704
4220
29581
7193
71067
26445
22644
82460
14679
85191
19340
82298
36401
81164
63721
37675
45482
65514
88118
27162
63674
96001
28794
69179
52047
41961
32493
61684
67989
93008
98622
59366
61825
46751
38170
53388
20504
45778
29976
14703
33251
28601
93051
62906
31245
70601
26900
83372
23051
59678
4338
59700
72070
1252
36082
36719
64564
98193
77839
46096
88725
18328
68881
12008
23192
54197
94478
12333
67506
40736
97352
73861
50393
81063
32709
55217
1554
82803
44675
6719
4411
64751
98092
85535
5859
76967
26393
36459
48541
29112
8297
97605
419
19944
59184
43475
15600
2971
69246
9773
40587
39535
81515
47314
35988
91601
92732
67043
80484
79273
47611
43877
24822
41687
74821
92151
5938
95329
58286
51500
31840
73298
8005
18513
7447
3048
84076
30949
30638
33634
8820
82571
8117
42501
38756
30440
80581
10286
20084
67768
97837
64542
10878
68043
95396
56174
54792
23362
81742
45754
22408
79064
3966
47195
10917
4210
48751
65717
45499
91713
86326
82220
76100
95054
21050
97055
54584
42416
19842
35726
43339
21356
36594
64398
21370
55314
50272
16934
62449
92914
85655
2366
54035
45522
1172
28233
53677
47080
36138
69306
61979
87155
95257
84249
53402
37815
52051
14680
34119
36939
91532
15496
51248
59557
1294
51545
8505
95025
71885
20021
28327
6300
4964
21003
74122
82657
88586
90319
75000
3480
71297
72702
65017
21442
72975
3513
71821
86732
12254
61555
44709
77037
77496
73887
5584
26644
98228
982
13911
14241
40739
74328
42570
60757
664
36904
86931
70100
58461
6057
98099
5117
2700
92767
48194
13634
60288
54165
12044
76758
66357
16994
31236
65760
89757
12395
8024
67275
68528
70168
82423
21349
77771
97015
59342
21181
57852
12636
56146
5933
32328
16424
29903
32729
21499
60364
19277
43970
10246
27956
21465
20057
59218
97667
39404
27278
78471
72500
80772
25946
91620
45626
22326
59670
40884
633
64759
26954
70270
41280
33225
68795
26520
61559
46785
7511
49852
25778
4943
63094
39118
2424
77176
75458
29692
74162
41063
81456
54532
3758
89145
55980
34973
22750
5478
72110
71634
67797
86836
84806
24773
73380
39236
37992
72017
58264
20202
82002
17138
54043
18717
83504
92181
49103
41716
30629
80390
78744
71180
82726
2352
86466
21882
68468
19608
81174
86608
72658
94571
63788
97658
72910
44437
11108
53491
31980
98752
41469
24253
46969
92480
27371
48292
28772
27136
12074
34129
63086
8796
44547
53121
92253
37870
65166
70599
85009
32181
85922
85295
13703
19211
9447
84128
65076
8095
19398
10239
75280
47591
1839
17898
10748
85061
42180
93681
51486
89122
51128
67192
12435
21088
60195
30162
77690
54700
97233
64606
75462
23202
24317
34197
5045
82881
80009
82267
21434
22741
9156
18044
48209
40159
41417
36971
41862
18828
58861
20642
70201
9383
3605
78667
3233
75023
20933
36909
58416
17315
73559
70733
44428
69092
7075
97200
66218
67892
14369
67615
15274
37182
30464
33880
59788
41624
34480
16984
4945
57045
53398
13748
3397
55006
42192
69489
61760
3972
8417
72014
29988
12787
40544
31258
15436
66058
23109
62428
34485
7504
8898
60374
21891
40965
84655
13195
60494
22089
85624
70845
1967
83300
82774
42088
88935
72346
83962
66362
39052
23863
48735
39925
14179
18610
62523
44892
74868
5338
47682
70896
57695
32764
38886
63525
73557
82412
79087
79029
90111
12621
81243
77583
87676
51239
72419
56052
54912
36150
5679
84497
23566
36916
15910
57510
53551
77270
73277
39092
72516
94411
38865
86424
9704
81701
72252
39032
44062
80227
15495
20252
96338
92700
13702
81138
84587
23997
48750
81946
44354
69474
80794
15886
46880
68241
28615
72454
53434
56621
8225
67880
10480
46959
57102
33508
4280
49401
47114
31915
22625
75159
53775
96124
95059
92429
42889
79069
6393
81808
78779
55904
90792
89828
43204
50538
3030
81573
63856
83515
24414
55083
5262
18888
89171
89437
33229
6055
4238
11129
16091
67568
36078
56294
88564
5161
40452
50759
58616
30407
40023
24583
35934
13518
421
90060
17876
84593
15041
13322
2341
62440
5151
98887
92360
41008
98348
25439
78306
21964
9948
40479
69598
75451
52658
47532
25737
6218
47303
95541
97306
4571
41761
34327
4942
958
98489
15461
36319
13674
45598
30699
77793
39576
65298
29465
17140
40821
96081
11869
23248
77956
67207
33105
8836
38061
94607
72848
81489
57899
39271
49384
91522
95671
37349
47695
48001
41410
2823
73154
72238
14091
19451
53540
5749
6280
81523
68666
97540
11576
25438
87072
34851
96272
44327
33584
46239
43882
12613
55372
9454
80308
64550
62498
98811
70539
3047
56983
13266
67961
15224
86540
6922
64486
79543
64943
29127
20499
92596
15568
12256
9513
89257
42210
64463
53759
51907
98876
51256
23574
40506
6904
74044
91100
9264
25988
43105
61849
81169
73457
24688
69895
69220
27364
37433
80276
88825
69121
35496
65065
50893
14211
70223
3391
26278
31153
17330
47027
7889
10862
8216
24676
61157
46711
33148
9990
25606
28510
39685
57892
41011
65124
16766
93224
74435
13225
28470
32862
18166
27125
75624
50925
47190
32358
68457
38741
98782
30087
34983
92271
69559
14008
38730
76779
26535
53410
47909
66715
69544
10561
11522
78664
71586
40095
1541
19460
84183
14578
86862
37090
95609
78689
92822
4369
23857
34534
55362
71981
87554
31698
56141
19220
18015
34697
5946
4152
40625
58154
7879
38129
84438
63479
95517
26147
42662
33089
35211
95594
82294
65659
98096
90865
35905
5858
12657
27347
81336
30882
165
24567
22072
68703
74564
37078
65366
80682
37166
78875
10150
37406
92113
32333
95796
28819
83146
91049
4860
86858
63825
74516
2347
14472
70770
78788
75308
24238
83192
77589
70922
23260
30637
89890
86161
41873
43150
28608
85771
55320
49152
73124
35826
21246
1729
63496
42341
42786
148
36371
37134
74857
743
78384
90921
40540
35017
15906
97613
15179
20662
22003
91952
55547
97628
11640
24065
81312
58136
36598
617
27772
90670
72637
87474
42643
7468
87224
89527
77457
45805
1927
94650
74281
41966
9221
60363
62406
66927
16535
88165
10356
39704
96332
49176
1263
63583
8248
44528
13868
61262
66089
46538
81792
13535
822
26468
49210
75636
76841
23989
95616
44148
31714
84576
82300
15022
92011
43058
63580
81012
13864
23964
66368
55007
65950
76552
91268
85040
82895
71967
96101
4843
75515
23385
27866
59858
34004
28046
53512
25139
90773
50214
73022
9858
65869
7758
47304
16961
76976
14171
2532
98112
2208
38790
32915
98014
49932
96587
26166
17622
27195
39485
8940
77266
90591
45650
24535
37085
30518
80738
64298
72058
30123
88598
8191
17953
85343
70001
59418
14346
81605
72755
44194
52571
68691
55788
61602
45102
44927
67313
24865
52168
97607
86986
2369
33161
1719
86564
19882
36449
38054
16432
97090
83480
96737
14344
12113
87412
4577
68863
64136
89950
49321
56564
87567
61322
43728
53202
33935
48309
84156
35651
51335
93251
2794
78792
88429
56353
85026
48791
80521
27412
36539
10169
47641
75951
73550
68259
56617
5826
82699
33380
87294
72387
66529
59904
92911
79904
98058
2797
42853
33199
94034
49127
40924
7087
77422
53182
74550
42720
23971
75045
52145
75226
65352
95574
84241
62670
63698
40333
35223
37595
6214
57591
83927
97185
58753
51202
46201
93033
79525
7926
53279
19566
56126
37565
4271
67412
76382
80548
87444
26819
54013
22445
54008
61642
93790
75493
30522
79092
61186
71409
48994
2551
59377
86402
71047
96653
28813
3942
27168
88170
37043
31613
93651
54599
51383
47974
65414
79848
9870
10954
91437
39240
91424
55099
7556
89666
44804
27642
72805
49157
95021
80906
55640
45624
16908
7316
44403
69183
51744
27240
90621
57778
70360
78444
72804
20027
31753
91179
3221
76464
425
84864
96160
77501
84664
52194
73798
11004
64687
32311
29024
87408
51790
66772
59538
35560
61070
74567
29255
18798
48258
12567
36912
75634
28539
49591
79592
26757
52020
26586
50323
58860
26452
78170
96612
75179
71775
83113
50350
69490
5813
8881
5906
51829
22523
62018
13100
17361
38063
44131
11237
85436
92318
20362
38907
98530
87177
70115
83351
67605
63116
89338
15416
88439
13571
53543
51167
83030
15025
41434
21051
84181
11570
45101
78021
86318
69135
71582
21506
55634
216
46472
33533
30809
30470
73507
7955
81220
